0755203802
0756314302
0755761788
0755200099
0755539222
1300650559
0755620776
0755845355
0755788155
0755353399
0755622277
0466362575
1300799563
0405402307
0439620682
0755789981
1800256442
1300308210
0755353740
0756301670
1300665991
0755933500
0755622851
0755620745
0755222222
1800115795
0755691000
0409006814
0419653008
0414723420
0755762377
0755595800
1800729543
1800725714
0755720608
0450423846
1300737985
0731023310
0419641322
0434300059
1800018383
0755207596
0416304066
1300496900
0755082850
0404070763
0755206900
0755315411
0755346878
0756066800
0755339876
0411631007
0755202266
0755252071
0755758538
1300781783
0448884666
0755963451
0755914099
0419032468
0400442326
0755985438
0755229000
0419221119
0755542200
0755359108
0756076200
0755221011
0756678129
0266801701
0417494001
0755808807
0410658790
1300223767
0438188532
0755206858
0755220828
0755931771
0756560700
0405614155
0404517807
1300284465
0412596631
0755704077
0416315493
0755926219
0755919500
0432742560
1300138805
0416027445
0755923122
0755792333
0755381155
0755708111
0755307758
0409180536
0755253377
0755532555
0755965128
0403054597
0755100900
1300662431
0756677077
0755004756
0409734920
0755751549
0448835586
0755252255
1300464678
0402022111
0418385791
0407162702
0755346699
0414612614
0755984188
0755202199
0755251100
0411748625
0755723790
0414915754
0755751006
0755984144
1300439783
0755749126
0755272112
0437968350
0755799900
0755341086
0732092422
0419661495
0423340618
0756414243
0755712344
1300139095
0893371125
0755913300
0755022811
0755848899
1300462255
0755885132
1800266628
0755783377
0755911777
0755649596
0755937574
0755511334
0755930822
1300800966
0755229855
0755399688
0755869955
0755769999
0755195988
0755989555
0755345155
0755316074
0755305052
0755975877
0755283319
0755754575
0755340300
0755277885
0755388688
0755815777
0755625500
0755701349
0755610872
1300738223
0755967269
0755399095
0755047333
0731706250
0431711822
0755923144
0400996871
1300131217
1300553750
0755021328
